sensor_kit_base_link:
  velodyne:
    x: 0.0
    y: 0.0
    z: 0.0
    roll: 0.0
    pitch: 0.0
    yaw: 0.0
  imu:
    x: -8.086759e-01
    y: 3.195559e-01
    z:  -7.997231e-01
    roll: 0.0148236
    pitch: -0.0020358
    yaw: -0.0007553
